>contig.275- (430726  430418)
-1
>contig.3191+ (28463  28777)
-1
>contig.593- (231423  231190,229816  229646)
102
>contig.1479+ (138549  138635,139693  139924,141342  141406)
105
>contig.163- (496516  496430,492199  492187,492087  491852)
108
>contig.173- (272628  272266)
108
>contig.146- (1154840  1154746,1144943  1144857,1135441  1135309,1133082  1132963,1131219  1131043,1130974  1130879,1129192  1129094,1128225  1128125,1125459  1125369)
111
>contig.227+ (29107  29183,29319  29502,29589  29642,29719  29856)
114
>contig.3503- (28396  27233)
114
>contig.755+ (224304  224325,228763  228968,230490  231110,232237  232488,235487  235744,236855  236944)
117
>contig.1532- (78281  78270,77340  77115,73420  73289,72904  72627,38134  38021,36907  36712,35642  35506,34740  34660,32891  32811,28883  28785)
120
>contig.472+ (57108  57531,57746  57783)
123
>contig.30- (426181  426055,425982  425893,424577  424093,423137  422807,422105  421084,421013  420991,420903  419412,418368  418252,417656  417444,416771  416755,416429  416393)
126
>contig.1647- (20055  19869,16709  16568,14781  14773,14497  14488,13936  13895)
129
>contig.272- (49664  49658,43998  43862,42797  42562,41402  41220,37354  36881,35616  34910,33975  33920)
132
>contig.1949+ (6680  6713,6819  7828)
138
>contig.2032+ (19561  19795,32424  32491,34620  34754)
144
>contig.191- (347569  347225)
147
>contig.10- (334168  334043,333574  333453,333287  333014,332038  331841,331758  331559,330605  330430,328981  328849,327993  327936)
150
>contig.739- (116586  115684,113529  113251,112103  111873,110187  109996,109674  109561)
150
>contig.73- (1011865  1011616,1011366  1011290)
153
>contig.1678- (76320  75993,74040  73611,37224  37200)
165
>contig.301- (666837  666829,660325  660311,644677  644663,626745  626605,625829  625609,624249  623961)
165
>contig.693+ (189756  190097)
165
>contig.172- (1042171  1041822,1041747  1041633,1041553  1041476,1041400  1041221,1040555  1040404,1035703  1035527,1035101  1034927)
228
